21.307319 0.000000
75.707688 0.000000
77.769780 0.000000
5.771143 0.000000
2.146346 0.000000
91.053550 0.000000
17.447737 0.000000
10.041291 0.000000
47.604312 0.000000
30.595022 0.000000
59.194447 0.000000
45.970437 0.000000
31.781828 0.000000
87.043817 0.000000
81.551357 0.000000
68.882001 0.000000
96.278614 0.000000
9.289443 0.000000
61.655783 0.000000
29.241155 0.000000
58.310049 0.000000
87.864442 0.000000
52.499383 0.000000
99.676829 0.000000
52.876993 0.000000
29.364038 0.000000
79.389481 0.000000
13.624552 0.000000
20.601401 0.000000
86.406391 0.000000
11.608973 0.000000
36.045560 0.000000
92.006055 0.000000
51.526876 0.000000
20.576601 0.000000
55.478446 0.000000
77.381850 0.000000
61.229792 0.000000
37.068206 0.000000
88.235069 0.000000
77.205686 0.000000
71.610831 0.000000
15.550187 0.000000
34.711290 0.000000
75.472491 0.000000
25.787385 0.000000
32.302724 0.000000
21.279113 0.000000
23.444657 0.000000
42.155669 0.000000
