38.659056 0.000000
-16.460915 0.000000
36.511864 0.000000
-43.716730 0.000000
-33.019634 0.000000
-54.837892 0.000000
37.164561 0.000000
-30.577242 0.000000
-18.689757 0.000000
26.071999 0.000000
65.656385 0.000000
-7.834260 0.000000
-34.510610 0.000000
-45.205500 0.000000
19.956478 0.000000
-66.990887 0.000000
54.001793 0.000000
69.616678 0.000000
60.826183 0.000000
-65.429448 0.000000
-50.912343 0.000000
27.601799 0.000000
34.614963 0.000000
-32.403344 0.000000
-14.088303 0.000000
-29.804672 0.000000
39.713524 0.000000
-38.327259 0.000000
-59.050390 0.000000
-57.395233 0.000000
-13.999929 0.000000
-22.451647 0.000000
20.654310 0.000000
-35.037469 0.000000
17.183442 0.000000
18.694580 0.000000
62.490386 0.000000
21.912608 0.000000
-45.047710 0.000000
8.498660 0.000000
26.841675 0.000000
45.866422 0.000000
-9.764629 0.000000
-17.208181 0.000000
-7.479612 0.000000
-2.170946 0.000000
43.539089 0.000000
-42.468222 0.000000
54.075028 0.000000
20.976724 0.000000
10.219471 0.000000
10.328911 0.000000
50.442456 0.000000
0.130538 0.000000
26.319389 0.000000
-63.541426 0.000000
20.283710 0.000000
-67.106001 0.000000
-29.244345 0.000000
-13.716322 0.000000
-43.368650 0.000000
65.385511 0.000000
58.957683 0.000000
-21.308856 0.000000
-49.707529 0.000000
6.393085 0.000000
-4.677288 0.000000
-36.170147 0.000000
-57.811520 0.000000
38.495461 0.000000
25.669254 0.000000
-41.635613 0.000000
2.591065 0.000000
21.832022 0.000000
-62.303941 0.000000
-33.733570 0.000000
-13.842016 0.000000
-39.182132 0.000000
-68.014437 0.000000
-11.239029 0.000000
-8.700124 0.000000
8.081020 0.000000
-63.013365 0.000000
1.774853 0.000000
-24.329507 0.000000
28.753361 0.000000
-65.671024 0.000000
50.619930 0.000000
21.245581 0.000000
-34.006524 0.000000
-16.048771 0.000000
23.300821 0.000000
-68.753211 0.000000
57.739703 0.000000
19.168595 0.000000
22.620719 0.000000
66.922520 0.000000
-25.394279 0.000000
-32.207074 0.000000
-38.958615 0.000000
46.951397 0.000000
-4.906120 0.000000
2.651799 0.000000
-57.560162 0.000000
3.944439 0.000000
52.248397 0.000000
-61.105557 0.000000
68.471689 0.000000
69.490681 0.000000
8.221457 0.000000
-33.779494 0.000000
16.984507 0.000000
43.498907 0.000000
9.972394 0.000000
46.491903 0.000000
63.340918 0.000000
-51.608646 0.000000
-6.566880 0.000000
-54.932399 0.000000
7.690417 0.000000
-54.750971 0.000000
-31.737352 0.000000
-55.330227 0.000000
-40.007849 0.000000
-55.376372 0.000000
-35.611765 0.000000
-39.153309 0.000000
-54.192462 0.000000
40.662330 0.000000
-18.572596 0.000000
-23.822801 0.000000
62.944896 0.000000
51.795171 0.000000
-18.419384 0.000000
-25.033633 0.000000
64.724891 0.000000
-58.521941 0.000000
-40.081682 0.000000
41.512891 0.000000
-51.592832 0.000000
-55.723531 0.000000
31.919018 0.000000
48.665593 0.000000
49.579959 0.000000
64.655276 0.000000
43.351601 0.000000
12.209776 0.000000
-43.992859 0.000000
-63.082244 0.000000
-55.675282 0.000000
14.217113 0.000000
-25.035170 0.000000
-56.780156 0.000000
-44.612477 0.000000
-34.237851 0.000000
1.245039 0.000000
-37.064689 0.000000
34.542108 0.000000
41.028255 0.000000
24.322160 0.000000
25.788053 0.000000
6.755661 0.000000
39.127281 0.000000
26.944765 0.000000
25.490418 0.000000
-48.766767 0.000000
50.631164 0.000000
52.444406 0.000000
-12.539064 0.000000
-40.124537 0.000000
55.000691 0.000000
-19.962398 0.000000
1.703108 0.000000
42.734220 0.000000
-35.097969 0.000000
-65.735771 0.000000
-51.235423 0.000000
-61.511519 0.000000
-53.589470 0.000000
-65.706396 0.000000
9.025243 0.000000
65.320940 0.000000
46.407480 0.000000
-58.712855 0.000000
-20.101492 0.000000
6.009569 0.000000
-32.234287 0.000000
47.782434 0.000000
47.605585 0.000000
-42.571106 0.000000
28.946686 0.000000
6.710236 0.000000
8.574176 0.000000
69.497678 0.000000
30.613984 0.000000
-38.066174 0.000000
33.458710 0.000000
39.919793 0.000000
-24.076587 0.000000
52.847688 0.000000
-31.749309 0.000000
-3.914137 0.000000
-5.388064 0.000000
-63.490800 0.000000
-8.465464 0.000000
-35.312565 0.000000
18.743601 0.000000
24.757639 0.000000
-39.526693 0.000000
26.169991 0.000000
46.790970 0.000000
-15.199957 0.000000
-56.880143 0.000000
12.014860 0.000000
18.918937 0.000000
-37.540342 0.000000
25.332721 0.000000
7.578098 0.000000
1.685521 0.000000
-32.600592 0.000000
19.962112 0.000000
-3.903756 0.000000
38.598459 0.000000
23.330903 0.000000
21.824548 0.000000
29.304694 0.000000
-7.114249 0.000000
25.305696 0.000000
-64.904473 0.000000
25.020337 0.000000
-49.525363 0.000000
25.093300 0.000000
-42.110309 0.000000
32.134712 0.000000
-46.116949 0.000000
12.681973 0.000000
-5.854670 0.000000
-47.060044 0.000000
-18.572494 0.000000
-28.795375 0.000000
-24.128798 0.000000
-37.883147 0.000000
-69.573327 0.000000
60.084058 0.000000
-47.552535 0.000000
10.083376 0.000000
-0.371068 0.000000
-4.657137 0.000000
-53.865710 0.000000
-47.753913 0.000000
-57.873600 0.000000
-43.008763 0.000000
18.122444 0.000000
69.482991 0.000000
31.923584 0.000000
-66.581150 0.000000
-8.058474 0.000000
-36.866970 0.000000
-58.686404 0.000000
-51.991182 0.000000
-55.352780 0.000000
-40.014268 0.000000
55.993755 0.000000
-1.687654 0.000000
-57.015540 0.000000
2.293723 0.000000
-7.350237 0.000000
53.171072 0.000000
35.894620 0.000000
-22.800119 0.000000
62.148374 0.000000
32.421218 0.000000
28.149827 0.000000
55.112358 0.000000
52.820757 0.000000
-5.405836 0.000000
-21.669131 0.000000
-20.613687 0.000000
38.470581 0.000000
-41.822184 0.000000
-59.284069 0.000000
-7.893591 0.000000
11.185613 0.000000
16.974662 0.000000
-15.128590 0.000000
-26.210407 0.000000
-66.039165 0.000000
31.546172 0.000000
-0.054281 0.000000
40.744474 0.000000
50.623712 0.000000
-11.116808 0.000000
-18.276197 0.000000
16.856488 0.000000
-31.525929 0.000000
-69.148922 0.000000
63.587676 0.000000
-0.494659 0.000000
-38.265086 0.000000
-56.184436 0.000000
-22.492460 0.000000
18.796615 0.000000
49.298438 0.000000
-67.461878 0.000000
58.561482 0.000000
10.045269 0.000000
35.661180 0.000000
-35.235502 0.000000
4.777226 0.000000
15.286033 0.000000
31.699382 0.000000
39.408385 0.000000
43.883487 0.000000
-46.721441 0.000000
10.043662 0.000000
-27.916085 0.000000
-43.759297 0.000000
0.972159 0.000000
-24.922404 0.000000
52.637928 0.000000
34.498305 0.000000
20.019182 0.000000
15.886588 0.000000
53.377877 0.000000
14.280872 0.000000
-9.158258 0.000000
-2.578725 0.000000
-47.309400 0.000000
44.710499 0.000000
-66.075365 0.000000
-49.374613 0.000000
27.572590 0.000000
51.936713 0.000000
25.379849 0.000000
-68.424799 0.000000
-7.696278 0.000000
25.616565 0.000000
20.903668 0.000000
56.997556 0.000000
31.868893 0.000000
-35.598116 0.000000
-61.067498 0.000000
-12.041847 0.000000
12.346953 0.000000
15.304353 0.000000
-1.053409 0.000000
31.958987 0.000000
17.487700 0.000000
7.748142 0.000000
-32.383531 0.000000
49.247855 0.000000
-51.350401 0.000000
6.631689 0.000000
-60.718622 0.000000
58.441749 0.000000
13.623921 0.000000
-47.120226 0.000000
-58.311305 0.000000
-8.164067 0.000000
9.174562 0.000000
16.416250 0.000000
-12.229547 0.000000
13.305533 0.000000
-60.547724 0.000000
-42.906051 0.000000
-65.214095 0.000000
-50.072671 0.000000
-23.725453 0.000000
29.482812 0.000000
-11.361779 0.000000
-67.246558 0.000000
-58.069201 0.000000
32.247474 0.000000
-22.535063 0.000000
40.347368 0.000000
35.137875 0.000000
-63.120380 0.000000
34.854741 0.000000
-59.462932 0.000000
2.550382 0.000000
55.553242 0.000000
54.576105 0.000000
-45.880047 0.000000
30.025238 0.000000
-11.369059 0.000000
-23.947407 0.000000
51.588722 0.000000
-14.126477 0.000000
52.590083 0.000000
-18.496392 0.000000
-37.751340 0.000000
68.084581 0.000000
-45.934874 0.000000
-6.143535 0.000000
58.976427 0.000000
49.638034 0.000000
29.199469 0.000000
-3.582041 0.000000
0.057275 0.000000
-11.999538 0.000000
-48.088206 0.000000
14.858277 0.000000
43.789326 0.000000
60.685448 0.000000
-56.768484 0.000000
-62.512479 0.000000
69.187654 0.000000
23.455862 0.000000
-44.279483 0.000000
-7.288796 0.000000
50.929048 0.000000
43.346975 0.000000
-61.395385 0.000000
-39.728210 0.000000
49.994138 0.000000
-10.771593 0.000000
-51.713301 0.000000
10.734389 0.000000
-35.338675 0.000000
30.520135 0.000000
38.253705 0.000000
16.752446 0.000000
28.145266 0.000000
-68.488047 0.000000
0.847557 0.000000
-65.331881 0.000000
30.782498 0.000000
-17.130528 0.000000
6.925756 0.000000
-54.508515 0.000000
-63.952341 0.000000
-18.464878 0.000000
56.806749 0.000000
47.869636 0.000000
-61.996538 0.000000
-56.624783 0.000000
-29.889484 0.000000
20.270203 0.000000
-10.752381 0.000000
-41.089189 0.000000
-18.196814 0.000000
54.995107 0.000000
-25.764833 0.000000
5.816111 0.000000
6.443170 0.000000
-30.261172 0.000000
29.094980 0.000000
43.698797 0.000000
36.499739 0.000000
11.281791 0.000000
-50.898091 0.000000
11.412304 0.000000
68.370611 0.000000
-46.735213 0.000000
-47.927910 0.000000
46.124126 0.000000
23.196042 0.000000
0.801459 0.000000
-43.979199 0.000000
60.091343 0.000000
12.207265 0.000000
23.995849 0.000000
-57.690533 0.000000
34.835815 0.000000
-30.422609 0.000000
33.294249 0.000000
-30.572209 0.000000
-47.862517 0.000000
68.772358 0.000000
-46.152455 0.000000
-24.873206 0.000000
-24.609271 0.000000
4.663414 0.000000
9.477756 0.000000
-3.483357 0.000000
60.077974 0.000000
-28.998476 0.000000
-6.063980 0.000000
-3.171205 0.000000
3.027574 0.000000
-69.013707 0.000000
0.042382 0.000000
51.461704 0.000000
12.363177 0.000000
27.678623 0.000000
-53.297476 0.000000
-20.229251 0.000000
39.213833 0.000000
33.535356 0.000000
-59.663242 0.000000
65.878106 0.000000
21.771069 0.000000
69.404724 0.000000
-46.061613 0.000000
-19.095771 0.000000
-38.109935 0.000000
63.218279 0.000000
-30.803749 0.000000
-16.532441 0.000000
-13.874024 0.000000
-43.232821 0.000000
-3.568428 0.000000
-68.151862 0.000000
49.394739 0.000000
-29.677159 0.000000
67.679962 0.000000
30.353316 0.000000
37.073605 0.000000
-15.151866 0.000000
69.820753 0.000000
-30.019146 0.000000
-34.396458 0.000000
29.645187 0.000000
62.266013 0.000000
-58.314379 0.000000
-46.844982 0.000000
32.040466 0.000000
-44.947370 0.000000
-65.468383 0.000000
-13.574002 0.000000
-24.485288 0.000000
-5.897111 0.000000
7.733247 0.000000
-50.477458 0.000000
22.247281 0.000000
37.840170 0.000000
-8.093931 0.000000
-56.544888 0.000000
-31.311407 0.000000
13.839312 0.000000
-25.917407 0.000000
6.877339 0.000000
64.681078 0.000000
14.804817 0.000000
-25.806787 0.000000
-5.352572 0.000000
27.902314 0.000000
-35.751203 0.000000
25.969631 0.000000
5.587794 0.000000
14.529548 0.000000
42.373914 0.000000
-67.896538 0.000000
-13.146820 0.000000
18.527674 0.000000
-5.380222 0.000000
23.679611 0.000000
26.601363 0.000000
-40.302917 0.000000
-47.888398 0.000000
46.434380 0.000000
-34.697474 0.000000
-69.937005 0.000000
17.174372 0.000000
-67.707755 0.000000
33.255010 0.000000
-46.117347 0.000000
-44.847374 0.000000
-69.256581 0.000000
-48.901127 0.000000
30.630581 0.000000
0.307463 0.000000
-30.932485 0.000000
18.137015 0.000000
39.942969 0.000000
2.850187 0.000000
-30.926606 0.000000
15.781378 0.000000
22.136304 0.000000
-30.025102 0.000000
-44.001171 0.000000
45.361752 0.000000
24.743057 0.000000
65.514278 0.000000
-22.382830 0.000000
-28.857617 0.000000
64.043733 0.000000
67.336910 0.000000
-67.875437 0.000000
6.397076 0.000000
15.351098 0.000000
-30.118078 0.000000
7.166553 0.000000
66.197567 0.000000
-6.205755 0.000000
29.865472 0.000000
3.991586 0.000000
5.550106 0.000000
68.283128 0.000000
-45.841288 0.000000
-55.425630 0.000000
32.768493 0.000000
-43.063090 0.000000
-65.717666 0.000000
-10.007411 0.000000
-6.923024 0.000000
48.360028 0.000000
36.681558 0.000000
14.746641 0.000000
2.267196 0.000000
2.052678 0.000000
-12.301404 0.000000
-40.701267 0.000000
-26.326007 0.000000
-55.059495 0.000000
-6.539227 0.000000
41.409655 0.000000
14.688150 0.000000
-48.110075 0.000000
25.096313 0.000000
-45.428698 0.000000
37.041745 0.000000
19.113969 0.000000
-59.307650 0.000000
53.749750 0.000000
36.586585 0.000000
-6.161920 0.000000
5.395440 0.000000
32.144846 0.000000
-47.655932 0.000000
-3.934656 0.000000
-65.412912 0.000000
22.146882 0.000000
11.299720 0.000000
47.147841 0.000000
64.867688 0.000000
-1.876817 0.000000
-69.297748 0.000000
30.980146 0.000000
-48.885897 0.000000
27.278491 0.000000
45.532119 0.000000
57.039146 0.000000
-16.878910 0.000000
44.722474 0.000000
29.572575 0.000000
-51.695290 0.000000
-14.117060 0.000000
-68.239737 0.000000
-1.022278 0.000000
-41.475215 0.000000
-20.801220 0.000000
8.927149 0.000000
67.935805 0.000000
-58.330941 0.000000
61.549400 0.000000
43.602125 0.000000
-50.440189 0.000000
-38.270183 0.000000
23.110273 0.000000
25.598423 0.000000
-26.390868 0.000000
51.079645 0.000000
-68.351317 0.000000
-42.281054 0.000000
17.729019 0.000000
-59.027560 0.000000
55.697359 0.000000
8.343547 0.000000
-58.330609 0.000000
21.645055 0.000000
25.335803 0.000000
-7.288492 0.000000
-49.858626 0.000000
-25.042822 0.000000
-22.494558 0.000000
-18.269780 0.000000
-7.192710 0.000000
-2.103856 0.000000
56.419926 0.000000
62.621547 0.000000
30.215727 0.000000
-48.061545 0.000000
-12.964752 0.000000
-14.841175 0.000000
9.489506 0.000000
33.548172 0.000000
32.363968 0.000000
55.202572 0.000000
65.895791 0.000000
-23.673807 0.000000
49.355344 0.000000
-11.787789 0.000000
-54.229942 0.000000
-66.976751 0.000000
-20.638030 0.000000
-9.414083 0.000000
-27.764013 0.000000
17.603580 0.000000
-27.062863 0.000000
-22.031875 0.000000
-47.953023 0.000000
-33.043312 0.000000
-46.053653 0.000000
-4.278494 0.000000
27.270893 0.000000
9.761870 0.000000
65.155550 0.000000
-49.664942 0.000000
24.872320 0.000000
-48.517497 0.000000
69.328334 0.000000
20.984644 0.000000
-17.905913 0.000000
-29.892313 0.000000
26.737670 0.000000
68.880532 0.000000
-2.340465 0.000000
66.376164 0.000000
-5.171279 0.000000
-39.935885 0.000000
48.517054 0.000000
-34.275864 0.000000
-8.397711 0.000000
-57.553866 0.000000
-63.442492 0.000000
65.531717 0.000000
-34.456110 0.000000
-23.186848 0.000000
28.195647 0.000000
-6.786227 0.000000
30.307771 0.000000
-66.671667 0.000000
-42.803912 0.000000
-19.205515 0.000000
61.811506 0.000000
39.706982 0.000000
-53.631582 0.000000
-41.349773 0.000000
-2.126970 0.000000
29.642418 0.000000
-46.957375 0.000000
-38.726300 0.000000
-22.486657 0.000000
69.493800 0.000000
1.166606 0.000000
-61.791251 0.000000
-51.063107 0.000000
-19.356563 0.000000
-37.901566 0.000000
18.543872 0.000000
-6.836511 0.000000
44.865512 0.000000
5.807501 0.000000
-51.424959 0.000000
-59.695740 0.000000
24.955073 0.000000
58.196817 0.000000
-47.885505 0.000000
26.175551 0.000000
50.388987 0.000000
-47.709313 0.000000
-57.974077 0.000000
-47.430544 0.000000
-30.125041 0.000000
-40.817154 0.000000
-63.618664 0.000000
-40.638827 0.000000
67.822756 0.000000
9.917383 0.000000
-4.518901 0.000000
8.717294 0.000000
-24.921042 0.000000
-13.089752 0.000000
-49.354486 0.000000
-12.334169 0.000000
-34.773540 0.000000
-63.700581 0.000000
5.440962 0.000000
-32.567793 0.000000
-15.300693 0.000000
-60.565064 0.000000
-50.375307 0.000000
-29.228652 0.000000
-19.623986 0.000000
45.528004 0.000000
-13.979998 0.000000
-16.730736 0.000000
-28.790597 0.000000
27.432631 0.000000
-44.937501 0.000000
-47.221077 0.000000
7.694896 0.000000
48.385221 0.000000
24.802481 0.000000
-50.596537 0.000000
8.060537 0.000000
2.685246 0.000000
-18.303960 0.000000
-26.697466 0.000000
-31.906348 0.000000
-0.965705 0.000000
48.443725 0.000000
43.892837 0.000000
52.926541 0.000000
-20.313520 0.000000
49.532558 0.000000
-34.493898 0.000000
8.356180 0.000000
52.257495 0.000000
64.547300 0.000000
2.310225 0.000000
-2.881313 0.000000
60.780336 0.000000
3.096789 0.000000
-5.318573 0.000000
37.205632 0.000000
-52.421643 0.000000
-3.404411 0.000000
-57.945584 0.000000
-57.296672 0.000000
-20.672831 0.000000
45.874501 0.000000
-16.775425 0.000000
-5.895658 0.000000
0.554631 0.000000
-60.123257 0.000000
-54.378777 0.000000
19.778386 0.000000
-20.271780 0.000000
-5.754987 0.000000
44.859924 0.000000
41.812221 0.000000
-27.343587 0.000000
-32.331460 0.000000
52.046873 0.000000
-16.453496 0.000000
-41.443843 0.000000
-59.307316 0.000000
19.689863 0.000000
69.456548 0.000000
9.418112 0.000000
42.677455 0.000000
-4.576452 0.000000
-65.261433 0.000000
21.598652 0.000000
18.309375 0.000000
6.395373 0.000000
-18.120457 0.000000
-40.320087 0.000000
35.011414 0.000000
-62.346500 0.000000
23.970046 0.000000
34.848959 0.000000
-9.284640 0.000000
44.339385 0.000000
55.355853 0.000000
-46.564611 0.000000
-27.631767 0.000000
61.146365 0.000000
-28.709751 0.000000
18.293239 0.000000
-31.497536 0.000000
-7.745988 0.000000
-25.021951 0.000000
-63.044693 0.000000
-27.003079 0.000000
48.972029 0.000000
-23.855395 0.000000
41.971757 0.000000
43.495733 0.000000
-2.759139 0.000000
24.404434 0.000000
32.565514 0.000000
63.889632 0.000000
18.239830 0.000000
1.809523 0.000000
-21.037763 0.000000
-0.350436 0.000000
21.356903 0.000000
-52.052678 0.000000
24.640884 0.000000
-2.499521 0.000000
-13.784430 0.000000
-10.090905 0.000000
6.406065 0.000000
24.101135 0.000000
17.263623 0.000000
-67.862128 0.000000
-58.911843 0.000000
-69.759539 0.000000
8.329386 0.000000
-49.246258 0.000000
-49.312229 0.000000
38.438323 0.000000
-51.930036 0.000000
65.164323 0.000000
10.245503 0.000000
-15.697374 0.000000
26.970522 0.000000
60.693541 0.000000
43.705367 0.000000
48.156882 0.000000
-60.173209 0.000000
58.832150 0.000000
-21.994213 0.000000
-32.434026 0.000000
46.141748 0.000000
-2.517362 0.000000
-20.728422 0.000000
16.890092 0.000000
-17.615756 0.000000
-69.709366 0.000000
16.924578 0.000000
-37.076779 0.000000
-23.189874 0.000000
-5.785697 0.000000
36.328927 0.000000
8.727737 0.000000
-47.037383 0.000000
41.444485 0.000000
55.218812 0.000000
-58.467395 0.000000
50.344864 0.000000
-46.799958 0.000000
-1.083253 0.000000
12.027298 0.000000
-15.268024 0.000000
26.957402 0.000000
-64.013262 0.000000
-16.538705 0.000000
-31.975532 0.000000
11.527434 0.000000
68.590346 0.000000
-37.937477 0.000000
-50.893583 0.000000
8.047939 0.000000
1.896226 0.000000
-67.226270 0.000000
-19.736212 0.000000
-43.902591 0.000000
-53.007085 0.000000
27.156069 0.000000
59.485690 0.000000
-62.214355 0.000000
16.253834 0.000000
-60.577976 0.000000
59.361395 0.000000
-64.814950 0.000000
-55.720748 0.000000
0.159154 0.000000
67.163257 0.000000
-65.975674 0.000000
-51.254826 0.000000
5.386498 0.000000
15.539474 0.000000
12.152795 0.000000
41.781331 0.000000
18.707889 0.000000
14.487526 0.000000
-28.643080 0.000000
39.225700 0.000000
-56.619377 0.000000
55.352136 0.000000
-57.740557 0.000000
23.098294 0.000000
15.740510 0.000000
33.936414 0.000000
68.971323 0.000000
-54.504933 0.000000
67.744770 0.000000
-29.507435 0.000000
17.886757 0.000000
-5.725302 0.000000
4.959411 0.000000
2.154046 0.000000
-28.794597 0.000000
-30.228481 0.000000
-1.314169 0.000000
-25.730247 0.000000
5.307465 0.000000
-50.133116 0.000000
-32.626319 0.000000
34.461440 0.000000
-53.210024 0.000000
-8.465174 0.000000
-10.076850 0.000000
56.360389 0.000000
-27.456613 0.000000
44.038391 0.000000
-6.932728 0.000000
-66.782089 0.000000
3.962624 0.000000
34.732787 0.000000
-29.689025 0.000000
-12.969045 0.000000
18.813961 0.000000
-21.148388 0.000000
10.392077 0.000000
-37.710810 0.000000
-55.942553 0.000000
46.750976 0.000000
-53.176658 0.000000
7.314005 0.000000
58.546680 0.000000
4.543347 0.000000
4.657797 0.000000
-57.410609 0.000000
62.035462 0.000000
23.364815 0.000000
